900 1740
0 1 40
0 30 59
1 2 8
1 31 25
2 3 5
2 32 8
3 4 4
3 33 59
4 5 40
4 34 58
5 6 6
5 35 20
6 7 30
6 36 32
7 8 18
7 37 47
8 9 7
8 38 23
9 10 31
9 39 48
10 11 7
10 40 36
11 12 16
11 41 1
12 13 55
12 42 45
13 14 29
13 43 5
14 15 23
14 44 32
15 16 10
15 45 1
16 17 1
16 46 31
17 18 56
17 47 27
18 19 59
18 48 19
19 20 32
19 49 16
20 21 26
20 50 32
21 22 30
21 51 45
22 23 21
22 52 23
23 24 14
23 53 35
24 25 17
24 54 41
25 26 31
25 55 24
26 27 27
26 56 4
27 28 8
27 57 18
28 29 24
28 58 23
29 59 45
30 31 51
30 60 9
31 32 45
31 61 60
32 33 47
32 62 43
33 34 55
33 63 44
34 35 55
34 64 22
35 36 25
35 65 43
36 37 58
36 66 10
37 38 39
37 67 58
38 39 49
38 68 47
39 40 33
39 69 3
40 41 48
40 70 10
41 42 60
41 71 44
42 43 16
42 72 33
43 44 36
43 73 11
44 45 6
44 74 4
45 46 28
45 75 6
46 47 26
46 76 7
47 48 16
47 77 44
48 49 24
48 78 12
49 50 22
49 79 39
50 51 44
50 80 17
51 52 40
51 81 21
52 53 44
52 82 15
53 54 2
53 83 39
54 55 12
54 84 54
55 56 10
55 85 52
56 57 5
56 86 52
57 58 36
57 87 30
58 59 32
58 88 46
59 89 47
60 61 27
60 90 11
61 62 43
61 91 54
62 63 23
62 92 10
63 64 24
63 93 12
64 65 3
64 94 8
65 66 57
65 95 37
66 67 38
66 96 51
67 68 60
67 97 5
68 69 48
68 98 50
69 70 52
69 99 34
70 71 3
70 100 30
71 72 26
71 101 33
72 73 18
72 102 28
73 74 45
73 103 6
74 75 54
74 104 23
75 76 5
75 105 47
76 77 29
76 106 34
77 78 4
77 107 32
78 79 13
78 108 38
79 80 1
79 109 24
80 81 33
80 110 55
81 82 22
81 111 47
82 83 39
82 112 4
83 84 9
83 113 24
84 85 26
84 114 16
85 86 31
85 115 26
86 87 25
86 116 14
87 88 48
87 117 4
88 89 45
88 118 37
89 119 16
90 91 42
90 120 35
91 92 46
91 121 35
92 93 10
92 122 45
93 94 24
93 123 37
94 95 40
94 124 34
95 96 47
95 125 25
96 97 10
96 126 34
97 98 45
97 127 15
98 99 56
98 128 28
99 100 42
99 129 21
100 101 12
100 130 29
101 102 22
101 131 35
102 103 39
102 132 46
103 104 21
103 133 31
104 105 53
104 134 29
105 106 30
105 135 32
106 107 26
106 136 45
107 108 13
107 137 52
108 109 25
108 138 6
109 110 24
109 139 13
110 111 2
110 140 37
111 112 37
111 141 13
112 113 20
112 142 2
113 114 58
113 143 12
114 115 37
114 144 41
115 116 42
115 145 27
116 117 19
116 146 6
117 118 32
117 147 4
118 119 3
118 148 24
119 149 34
120 121 8
120 150 53
121 122 57
121 151 52
122 123 55
122 152 52
123 124 40
123 153 23
124 125 31
124 154 52
125 126 34
125 155 57
126 127 16
126 156 2
127 128 10
127 157 39
128 129 44
128 158 59
129 130 36
129 159 35
130 131 58
130 160 54
131 132 52
131 161 3
132 133 8
132 162 52
133 134 48
133 163 30
134 135 18
134 164 49
135 136 14
135 165 54
136 137 47
136 166 37
137 138 55
137 167 24
138 139 16
138 168 60
139 140 29
139 169 9
140 141 4
140 170 28
141 142 39
141 171 57
142 143 42
142 172 9
143 144 38
143 173 26
144 145 19
144 174 24
145 146 17
145 175 15
146 147 3
146 176 45
147 148 23
147 177 43
148 149 51
148 178 2
149 179 26
150 151 21
150 180 37
151 152 46
151 181 36
152 153 9
152 182 43
153 154 27
153 183 49
154 155 5
154 184 31
155 156 13
155 185 47
156 157 39
156 186 8
157 158 3
157 187 22
158 159 56
158 188 3
159 160 47
159 189 48
160 161 30
160 190 57
161 162 57
161 191 57
162 163 1
162 192 44
163 164 24
163 193 5
164 165 36
164 194 34
165 166 39
165 195 43
166 167 52
166 196 5
167 168 44
167 197 22
168 169 7
168 198 53
169 170 28
169 199 56
170 171 11
170 200 56
171 172 39
171 201 18
172 173 52
172 202 15
173 174 37
173 203 46
174 175 28
174 204 55
175 176 38
175 205 20
176 177 2
176 206 27
177 178 31
177 207 16
178 179 27
178 208 22
179 209 11
180 181 50
180 210 22
181 182 49
181 211 13
182 183 44
182 212 47
183 184 6
183 213 39
184 185 53
184 214 39
185 186 8
185 215 32
186 187 27
186 216 54
187 188 58
187 217 27
188 189 38
188 218 53
189 190 28
189 219 52
190 191 49
190 220 19
191 192 6
191 221 41
192 193 2
192 222 31
193 194 24
193 223 58
194 195 42
194 224 29
195 196 43
195 225 25
196 197 3
196 226 34
197 198 41
197 227 17
198 199 57
198 228 54
199 200 36
199 229 34
200 201 8
200 230 46
201 202 37
201 231 47
202 203 20
202 232 26
203 204 7
203 233 4
204 205 52
204 234 21
205 206 32
205 235 11
206 207 57
206 236 43
207 208 56
207 237 25
208 209 55
208 238 45
209 239 57
210 211 37
210 240 6
211 212 41
211 241 4
212 213 34
212 242 19
213 214 4
213 243 37
214 215 7
214 244 49
215 216 21
215 245 27
216 217 9
216 246 60
217 218 31
217 247 19
218 219 48
218 248 29
219 220 36
219 249 50
220 221 54
220 250 55
221 222 34
221 251 2
222 223 10
222 252 31
223 224 26
223 253 21
224 225 20
224 254 42
225 226 39
225 255 30
226 227 14
226 256 21
227 228 16
227 257 26
228 229 59
228 258 46
229 230 36
229 259 34
230 231 52
230 260 38
231 232 1
231 261 47
232 233 9
232 262 59
233 234 47
233 263 46
234 235 29
234 264 3
235 236 26
235 265 15
236 237 18
236 266 56
237 238 9
237 267 39
238 239 28
238 268 55
239 269 39
240 241 53
240 270 2
241 242 3
241 271 50
242 243 38
242 272 40
243 244 43
243 273 27
244 245 3
244 274 11
245 246 1
245 275 53
246 247 24
246 276 34
247 248 58
247 277 40
248 249 24
248 278 1
249 250 39
249 279 30
250 251 28
250 280 9
251 252 21
251 281 14
252 253 2
252 282 24
253 254 45
253 283 45
254 255 50
254 284 58
255 256 52
255 285 58
256 257 52
256 286 17
257 258 39
257 287 1
258 259 29
258 288 26
259 260 31
259 289 9
260 261 9
260 290 39
261 262 38
261 291 32
262 263 18
262 292 5
263 264 34
263 293 24
264 265 2
264 294 49
265 266 35
265 295 3
266 267 39
266 296 27
267 268 33
267 297 47
268 269 7
268 298 26
269 299 32
270 271 36
270 300 40
271 272 33
271 301 12
272 273 43
272 302 14
273 274 24
273 303 21
274 275 6
274 304 52
275 276 14
275 305 19
276 277 26
276 306 34
277 278 6
277 307 7
278 279 40
278 308 12
279 280 27
279 309 34
280 281 40
280 310 13
281 282 6
281 311 12
282 283 35
282 312 39
283 284 13
283 313 49
284 285 53
284 314 30
285 286 55
285 315 36
286 287 19
286 316 4
287 288 19
287 317 1
288 289 43
288 318 11
289 290 4
289 319 25
290 291 10
290 320 51
291 292 6
291 321 53
292 293 30
292 322 20
293 294 44
293 323 56
294 295 11
294 324 4
295 296 59
295 325 1
296 297 20
296 326 5
297 298 48
297 327 37
298 299 42
298 328 33
299 329 21
300 301 2
300 330 32
301 302 31
301 331 32
302 303 38
302 332 37
303 304 43
303 333 57
304 305 16
304 334 37
305 306 20
305 335 39
306 307 15
306 336 44
307 308 5
307 337 47
308 309 46
308 338 37
309 310 25
309 339 26
310 311 7
310 340 22
311 312 3
311 341 60
312 313 24
312 342 44
313 314 19
313 343 45
314 315 6
314 344 11
315 316 16
315 345 32
316 317 52
316 346 12
317 318 35
317 347 27
318 319 37
318 348 56
319 320 36
319 349 55
320 321 4
320 350 32
321 322 59
321 351 41
322 323 36
322 352 34
323 324 23
323 353 29
324 325 26
324 354 48
325 326 11
325 355 19
326 327 18
326 356 52
327 328 39
327 357 28
328 329 8
328 358 12
329 359 57
330 331 4
330 360 51
331 332 43
331 361 53
332 333 22
332 362 3
333 334 42
333 363 56
334 335 59
334 364 53
335 336 17
335 365 44
336 337 33
336 366 39
337 338 46
337 367 37
338 339 53
338 368 15
339 340 53
339 369 16
340 341 56
340 370 4
341 342 45
341 371 29
342 343 23
342 372 12
343 344 23
343 373 16
344 345 37
344 374 42
345 346 29
345 375 56
346 347 10
346 376 13
347 348 42
347 377 44
348 349 35
348 378 22
349 350 48
349 379 39
350 351 33
350 380 2
351 352 39
351 381 47
352 353 47
352 382 27
353 354 46
353 383 26
354 355 11
354 384 28
355 356 45
355 385 53
356 357 12
356 386 6
357 358 22
357 387 18
358 359 3
358 388 34
359 389 12
360 361 5
360 390 49
361 362 33
361 391 45
362 363 44
362 392 17
363 364 15
363 393 59
364 365 40
364 394 11
365 366 51
365 395 24
366 367 24
366 396 20
367 368 21
367 397 56
368 369 32
368 398 57
369 370 53
369 399 45
370 371 39
370 400 19
371 372 32
371 401 45
372 373 45
372 402 9
373 374 22
373 403 30
374 375 20
374 404 35
375 376 3
375 405 46
376 377 55
376 406 46
377 378 16
377 407 30
378 379 50
378 408 20
379 380 29
379 409 43
380 381 41
380 410 18
381 382 36
381 411 13
382 383 51
382 412 33
383 384 60
383 413 49
384 385 55
384 414 50
385 386 17
385 415 25
386 387 22
386 416 59
387 388 2
387 417 2
388 389 25
388 418 15
389 419 57
390 391 25
390 420 46
391 392 34
391 421 31
392 393 18
392 422 53
393 394 13
393 423 50
394 395 31
394 424 36
395 396 24
395 425 15
396 397 42
396 426 12
397 398 52
397 427 13
398 399 59
398 428 17
399 400 23
399 429 34
400 401 37
400 430 33
401 402 40
401 431 26
402 403 51
402 432 37
403 404 28
403 433 38
404 405 7
404 434 56
405 406 34
405 435 58
406 407 19
406 436 12
407 408 48
407 437 42
408 409 16
408 438 16
409 410 26
409 439 4
410 411 28
410 440 52
411 412 52
411 441 26
412 413 55
412 442 45
413 414 4
413 443 16
414 415 31
414 444 12
415 416 10
415 445 36
416 417 17
416 446 30
417 418 18
417 447 6
418 419 52
418 448 18
419 449 16
420 421 24
420 450 37
421 422 51
421 451 17
422 423 19
422 452 45
423 424 22
423 453 37
424 425 60
424 454 43
425 426 36
425 455 41
426 427 9
426 456 2
427 428 32
427 457 9
428 429 21
428 458 47
429 430 35
429 459 44
430 431 3
430 460 35
431 432 5
431 461 27
432 433 56
432 462 21
433 434 13
433 463 7
434 435 51
434 464 15
435 436 30
435 465 14
436 437 33
436 466 4
437 438 45
437 467 34
438 439 2
438 468 53
439 440 51
439 469 58
440 441 30
440 470 53
441 442 3
441 471 10
442 443 7
442 472 35
443 444 54
443 473 42
444 445 48
444 474 58
445 446 34
445 475 34
446 447 47
446 476 25
447 448 33
447 477 5
448 449 25
448 478 52
449 479 55
450 451 4
450 480 2
451 452 20
451 481 22
452 453 43
452 482 60
453 454 7
453 483 47
454 455 11
454 484 44
455 456 9
455 485 29
456 457 43
456 486 47
457 458 15
457 487 16
458 459 9
458 488 52
459 460 49
459 489 32
460 461 7
460 490 36
461 462 27
461 491 4
462 463 7
462 492 56
463 464 60
463 493 10
464 465 57
464 494 11
465 466 28
465 495 27
466 467 57
466 496 27
467 468 23
467 497 44
468 469 2
468 498 57
469 470 23
469 499 37
470 471 10
470 500 49
471 472 36
471 501 59
472 473 23
472 502 20
473 474 28
473 503 49
474 475 17
474 504 25
475 476 42
475 505 48
476 477 53
476 506 24
477 478 39
477 507 46
478 479 12
478 508 38
479 509 43
480 481 17
480 510 58
481 482 3
481 511 42
482 483 14
482 512 14
483 484 53
483 513 13
484 485 6
484 514 27
485 486 48
485 515 40
486 487 1
486 516 57
487 488 4
487 517 54
488 489 57
488 518 54
489 490 56
489 519 42
490 491 22
490 520 32
491 492 38
491 521 16
492 493 48
492 522 15
493 494 40
493 523 46
494 495 35
494 524 43
495 496 24
495 525 8
496 497 15
496 526 40
497 498 35
497 527 45
498 499 31
498 528 24
499 500 49
499 529 20
500 501 15
500 530 27
501 502 6
501 531 30
502 503 42
502 532 37
503 504 23
503 533 11
504 505 19
504 534 44
505 506 47
505 535 37
506 507 52
506 536 4
507 508 19
507 537 2
508 509 26
508 538 54
509 539 36
510 511 35
510 540 28
511 512 13
511 541 4
512 513 51
512 542 26
513 514 20
513 543 14
514 515 31
514 544 3
515 516 8
515 545 48
516 517 34
516 546 46
517 518 54
517 547 46
518 519 48
518 548 34
519 520 10
519 549 4
520 521 31
520 550 25
521 522 2
521 551 29
522 523 31
522 552 7
523 524 35
523 553 35
524 525 17
524 554 16
525 526 33
525 555 37
526 527 35
526 556 52
527 528 46
527 557 16
528 529 58
528 558 60
529 530 6
529 559 37
530 531 4
530 560 13
531 532 13
531 561 15
532 533 25
532 562 1
533 534 38
533 563 45
534 535 30
534 564 50
535 536 60
535 565 52
536 537 54
536 566 23
537 538 16
537 567 58
538 539 2
538 568 22
539 569 43
540 541 52
540 570 11
541 542 20
541 571 48
542 543 58
542 572 5
543 544 16
543 573 46
544 545 28
544 574 47
545 546 55
545 575 56
546 547 34
546 576 38
547 548 30
547 577 54
548 549 41
548 578 43
549 550 51
549 579 50
550 551 53
550 580 6
551 552 17
551 581 11
552 553 10
552 582 45
553 554 53
553 583 9
554 555 7
554 584 14
555 556 9
555 585 21
556 557 32
556 586 25
557 558 25
557 587 16
558 559 7
558 588 18
559 560 59
559 589 25
560 561 46
560 590 28
561 562 33
561 591 56
562 563 36
562 592 11
563 564 53
563 593 3
564 565 12
564 594 12
565 566 39
565 595 23
566 567 20
566 596 54
567 568 3
567 597 22
568 569 44
568 598 47
569 599 59
570 571 13
570 600 59
571 572 41
571 601 2
572 573 57
572 602 12
573 574 44
573 603 39
574 575 60
574 604 1
575 576 18
575 605 7
576 577 2
576 606 16
577 578 11
577 607 49
578 579 18
578 608 39
579 580 3
579 609 43
580 581 11
580 610 42
581 582 26
581 611 23
582 583 35
582 612 1
583 584 10
583 613 25
584 585 19
584 614 28
585 586 24
585 615 13
586 587 17
586 616 31
587 588 1
587 617 14
588 589 7
588 618 19
589 590 15
589 619 49
590 591 5
590 620 55
591 592 41
591 621 32
592 593 47
592 622 60
593 594 47
593 623 46
594 595 41
594 624 3
595 596 44
595 625 16
596 597 24
596 626 5
597 598 26
597 627 14
598 599 41
598 628 53
599 629 44
600 601 31
600 630 41
601 602 35
601 631 8
602 603 8
602 632 52
603 604 49
603 633 34
604 605 19
604 634 15
605 606 10
605 635 10
606 607 57
606 636 2
607 608 1
607 637 22
608 609 31
608 638 14
609 610 48
609 639 36
610 611 22
610 640 37
611 612 13
611 641 16
612 613 3
612 642 36
613 614 9
613 643 45
614 615 36
614 644 6
615 616 19
615 645 46
616 617 48
616 646 7
617 618 37
617 647 23
618 619 6
618 648 26
619 620 27
619 649 50
620 621 21
620 650 17
621 622 54
621 651 1
622 623 34
622 652 48
623 624 3
623 653 50
624 625 16
624 654 1
625 626 4
625 655 23
626 627 4
626 656 55
627 628 32
627 657 47
628 629 44
628 658 24
629 659 24
630 631 30
630 660 60
631 632 49
631 661 23
632 633 28
632 662 41
633 634 6
633 663 14
634 635 2
634 664 4
635 636 12
635 665 21
636 637 19
636 666 43
637 638 13
637 667 21
638 639 44
638 668 48
639 640 17
639 669 58
640 641 48
640 670 58
641 642 6
641 671 38
642 643 6
642 672 51
643 644 2
643 673 21
644 645 6
644 674 60
645 646 12
645 675 48
646 647 8
646 676 24
647 648 7
647 677 9
648 649 20
648 678 57
649 650 3
649 679 5
650 651 47
650 680 30
651 652 9
651 681 21
652 653 49
652 682 2
653 654 34
653 683 31
654 655 60
654 684 7
655 656 36
655 685 45
656 657 41
656 686 1
657 658 14
657 687 8
658 659 51
658 688 33
659 689 26
660 661 34
660 690 57
661 662 39
661 691 4
662 663 30
662 692 53
663 664 15
663 693 3
664 665 18
664 694 52
665 666 13
665 695 32
666 667 3
666 696 28
667 668 33
667 697 2
668 669 37
668 698 37
669 670 18
669 699 50
670 671 50
670 700 20
671 672 15
671 701 10
672 673 12
672 702 9
673 674 38
673 703 54
674 675 19
674 704 13
675 676 41
675 705 36
676 677 53
676 706 32
677 678 20
677 707 44
678 679 46
678 708 5
679 680 25
679 709 9
680 681 21
680 710 52
681 682 13
681 711 58
682 683 36
682 712 16
683 684 27
683 713 58
684 685 48
684 714 27
685 686 37
685 715 11
686 687 56
686 716 51
687 688 12
687 717 21
688 689 24
688 718 20
689 719 53
690 691 32
690 720 7
691 692 4
691 721 47
692 693 55
692 722 29
693 694 46
693 723 47
694 695 24
694 724 48
695 696 54
695 725 22
696 697 2
696 726 6
697 698 58
697 727 55
698 699 13
698 728 40
699 700 31
699 729 1
700 701 30
700 730 54
701 702 59
701 731 6
702 703 51
702 732 38
703 704 15
703 733 30
704 705 17
704 734 35
705 706 9
705 735 45
706 707 12
706 736 24
707 708 36
707 737 51
708 709 28
708 738 31
709 710 48
709 739 49
710 711 28
710 740 23
711 712 42
711 741 58
712 713 33
712 742 5
713 714 16
713 743 46
714 715 5
714 744 2
715 716 53
715 745 32
716 717 33
716 746 20
717 718 44
717 747 59
718 719 48
718 748 56
719 749 55
720 721 45
720 750 33
721 722 55
721 751 33
722 723 23
722 752 16
723 724 9
723 753 53
724 725 45
724 754 42
725 726 14
725 755 54
726 727 14
726 756 16
727 728 45
727 757 15
728 729 33
728 758 35
729 730 47
729 759 30
730 731 56
730 760 2
731 732 4
731 761 22
732 733 58
732 762 7
733 734 33
733 763 19
734 735 24
734 764 19
735 736 2
735 765 12
736 737 13
736 766 57
737 738 8
737 767 3
738 739 22
738 768 27
739 740 55
739 769 55
740 741 40
740 770 34
741 742 50
741 771 3
742 743 37
742 772 55
743 744 12
743 773 39
744 745 23
744 774 55
745 746 35
745 775 17
746 747 45
746 776 43
747 748 16
747 777 3
748 749 60
748 778 45
749 779 37
750 751 20
750 780 46
751 752 36
751 781 59
752 753 12
752 782 54
753 754 50
753 783 28
754 755 8
754 784 55
755 756 9
755 785 46
756 757 7
756 786 18
757 758 51
757 787 35
758 759 52
758 788 51
759 760 23
759 789 48
760 761 1
760 790 28
761 762 45
761 791 21
762 763 1
762 792 26
763 764 6
763 793 59
764 765 42
764 794 19
765 766 30
765 795 41
766 767 46
766 796 9
767 768 15
767 797 4
768 769 41
768 798 12
769 770 31
769 799 29
770 771 40
770 800 17
771 772 5
771 801 38
772 773 48
772 802 2
773 774 33
773 803 58
774 775 32
774 804 59
775 776 30
775 805 23
776 777 33
776 806 4
777 778 46
777 807 22
778 779 22
778 808 15
779 809 57
780 781 60
780 810 21
781 782 1
781 811 26
782 783 35
782 812 26
783 784 56
783 813 24
784 785 41
784 814 49
785 786 27
785 815 56
786 787 39
786 816 6
787 788 37
787 817 45
788 789 22
788 818 1
789 790 36
789 819 53
790 791 58
790 820 40
791 792 38
791 821 34
792 793 15
792 822 7
793 794 52
793 823 41
794 795 49
794 824 11
795 796 43
795 825 38
796 797 37
796 826 15
797 798 32
797 827 10
798 799 29
798 828 27
799 800 15
799 829 55
800 801 30
800 830 26
801 802 43
801 831 10
802 803 12
802 832 31
803 804 54
803 833 15
804 805 52
804 834 20
805 806 45
805 835 42
806 807 31
806 836 16
807 808 20
807 837 29
808 809 1
808 838 28
809 839 38
810 811 7
810 840 2
811 812 1
811 841 10
812 813 51
812 842 32
813 814 4
813 843 35
814 815 6
814 844 23
815 816 54
815 845 23
816 817 43
816 846 30
817 818 27
817 847 40
818 819 13
818 848 14
819 820 3
819 849 29
820 821 12
820 850 2
821 822 9
821 851 55
822 823 36
822 852 49
823 824 28
823 853 3
824 825 16
824 854 41
825 826 3
825 855 31
826 827 7
826 856 53
827 828 28
827 857 26
828 829 41
828 858 2
829 830 12
829 859 53
830 831 40
830 860 3
831 832 15
831 861 16
832 833 50
832 862 11
833 834 52
833 863 11
834 835 19
834 864 44
835 836 5
835 865 25
836 837 29
836 866 53
837 838 14
837 867 43
838 839 28
838 868 41
839 869 35
840 841 22
840 870 55
841 842 11
841 871 59
842 843 35
842 872 53
843 844 11
843 873 51
844 845 60
844 874 13
845 846 23
845 875 4
846 847 8
846 876 3
847 848 59
847 877 2
848 849 17
848 878 50
849 850 3
849 879 6
850 851 58
850 880 31
851 852 46
851 881 34
852 853 23
852 882 60
853 854 36
853 883 13
854 855 33
854 884 14
855 856 42
855 885 22
856 857 19
856 886 30
857 858 22
857 887 54
858 859 43
858 888 46
859 860 15
859 889 35
860 861 10
860 890 29
861 862 50
861 891 38
862 863 42
862 892 8
863 864 38
863 893 42
864 865 35
864 894 45
865 866 31
865 895 3
866 867 6
866 896 42
867 868 29
867 897 18
868 869 35
868 898 22
869 899 9
870 871 40
871 872 13
872 873 16
873 874 32
874 875 56
875 876 6
876 877 45
877 878 4
878 879 15
879 880 37
880 881 5
881 882 29
882 883 59
883 884 56
884 885 34
885 886 4
886 887 28
887 888 21
888 889 33
889 890 17
890 891 12
891 892 25
892 893 41
893 894 54
894 895 41
895 896 23
896 897 58
897 898 8
898 899 32
0 899
